signal:
1 2 7 5 4 8 7 9 
1 1 0 4 8 4 7 7 
6 1 1 0 9 0 5 6 
8 4 2 5 7 7 1 0 
1 8 5 7 6 3 6 8 
4 8 4 4 4 1 1 2 
2 4 2 3 5 0 0 5 
4 4 1 2 3 2 2 6 
mask:
1 1 1 
1 2 1 
1 1 1 
output:
21 21 42 50 56 60 
25 19 36 53 48 42 
40 35 47 51 51 37 
52 52 51 50 39 35 
46 49 44 37 27 27 
37 34 31 29 18 19 
OpenCL execution time is: 0.008192ms
signal:
3 0 3 9 3 2 9 9 0 4 3 5 7 4 7 2 8 2 5 5 2 7 1 8 3 4 2 6 8 7 2 3 7 8 3 0 0 4 1 2 0 6 7 0 0 7 2 0 9 
9 8 3 9 1 3 2 7 6 9 5 3 3 9 0 1 4 2 3 0 5 6 3 1 3 3 3 2 7 5 3 6 3 6 5 4 2 8 3 8 9 1 3 2 2 3 6 8 7 
9 8 2 5 1 3 1 6 6 3 3 1 7 0 7 5 7 3 7 7 7 7 6 8 0 9 0 5 5 8 2 6 8 6 2 2 1 5 8 9 8 2 1 7 4 0 3 3 3 
2 1 2 0 9 0 0 0 2 8 7 2 0 4 1 9 8 5 0 3 3 0 1 7 3 9 3 3 4 9 8 6 0 1 8 1 3 1 2 8 9 9 0 1 3 3 0 1 0 
3 4 4 3 8 3 8 9 9 3 3 8 1 1 0 4 0 1 0 3 3 0 2 3 2 3 8 8 6 2 8 9 6 2 4 6 8 2 5 7 5 0 7 8 2 7 5 4 0 
7 7 4 7 1 9 9 6 9 9 2 1 8 1 0 2 5 6 0 9 4 9 4 4 6 5 6 5 0 2 6 7 1 2 6 2 3 5 9 4 5 1 6 5 5 8 7 2 4 
0 2 0 9 8 5 8 3 1 3 3 6 1 0 7 3 6 0 8 4 1 3 1 4 1 6 9 9 5 4 5 5 6 6 5 4 1 3 8 4 8 3 0 0 4 0 5 2 2 
6 8 3 9 1 7 0 9 9 9 5 3 4 0 9 2 7 5 3 2 5 8 1 9 0 3 5 0 0 7 2 6 8 7 7 1 5 7 1 6 8 6 9 5 8 0 7 6 7 
3 8 3 3 1 2 3 6 7 6 9 6 8 5 4 6 5 6 3 2 9 1 3 7 0 8 5 2 7 3 9 0 4 2 3 5 4 9 4 3 5 3 0 5 0 6 3 5 4 
8 0 3 9 3 0 9 3 8 3 0 1 3 3 5 7 8 3 4 7 7 7 4 2 7 0 2 4 5 0 0 4 0 4 3 5 6 5 8 4 8 0 6 3 5 1 1 4 4 
7 3 3 4 0 5 4 0 0 0 7 0 0 1 0 4 7 5 3 2 5 7 2 5 3 6 1 5 9 7 1 6 2 7 2 2 2 6 4 4 8 2 4 9 5 6 5 2 3 
8 4 8 6 7 6 1 5 9 8 4 8 0 2 0 7 4 5 1 3 9 6 1 3 2 2 9 9 0 1 4 8 8 5 6 5 1 8 0 2 6 6 2 8 8 4 7 2 9 
9 5 1 7 9 4 9 1 3 0 1 7 5 2 5 0 0 2 3 0 2 5 9 0 9 7 8 3 7 0 3 8 8 4 5 7 0 6 0 6 7 4 3 2 6 0 2 6 2 
5 9 6 2 8 6 1 7 4 4 4 6 9 2 6 3 9 5 4 6 6 0 3 0 5 5 8 5 9 6 7 6 5 5 8 3 1 1 1 7 7 5 5 7 0 4 2 9 9 
6 7 5 8 0 7 5 7 5 0 6 4 9 2 9 4 2 3 7 3 6 6 1 3 4 0 5 8 2 5 7 1 2 5 9 5 4 7 2 2 7 9 6 9 3 5 5 6 0 
5 1 8 1 2 2 7 4 7 5 7 4 5 8 9 2 9 4 6 6 6 0 6 7 6 5 1 4 0 9 4 5 0 3 9 3 7 6 7 4 4 6 1 1 6 0 5 6 4 
3 4 2 4 0 0 0 5 3 6 8 2 1 3 2 6 4 7 5 3 7 9 9 3 0 2 0 2 7 8 6 0 2 9 4 5 1 7 2 6 3 0 8 6 6 2 4 0 2 
9 5 9 1 4 4 3 6 6 6 3 4 4 6 9 5 0 4 6 9 6 4 5 9 4 1 5 7 8 7 9 7 3 0 0 7 4 4 4 3 2 9 9 6 5 0 2 8 4 
0 7 3 5 2 4 9 6 9 8 4 6 9 3 1 9 4 9 6 8 5 9 2 4 0 8 2 1 0 2 7 3 9 2 8 4 6 9 2 5 8 8 4 7 1 5 9 5 6 
5 5 1 6 7 8 6 8 2 9 0 4 7 3 5 9 3 1 6 3 3 3 3 1 9 2 3 7 1 0 3 8 8 7 6 7 7 5 5 9 4 6 5 3 1 0 3 5 2 
1 0 5 4 5 9 6 7 4 3 1 4 8 1 4 7 0 2 4 5 7 5 1 5 0 5 7 1 0 4 3 1 4 0 7 9 1 5 8 5 8 1 2 9 3 6 6 3 8 
3 0 8 8 3 3 1 8 2 2 0 6 7 1 2 9 1 3 1 6 4 6 7 5 8 8 0 5 4 5 5 9 5 3 8 9 9 1 9 1 5 0 0 2 3 4 3 4 8 
4 3 4 3 2 9 3 0 2 0 6 7 6 6 5 9 6 4 0 7 5 2 2 5 4 6 1 8 9 7 8 6 0 2 9 4 4 2 4 6 3 1 5 1 7 0 2 5 4 
3 2 2 5 6 9 1 2 0 9 3 8 8 9 0 2 0 5 8 5 1 4 0 2 0 1 1 0 3 6 7 8 0 9 5 6 0 6 0 1 6 4 9 6 5 1 0 8 6 
9 3 8 5 5 2 5 8 6 8 3 2 7 2 5 8 7 3 8 4 4 9 2 0 0 8 7 2 0 5 0 9 0 0 5 5 5 2 3 1 2 7 5 9 9 0 7 6 4 
8 2 0 7 4 2 0 4 9 4 5 5 4 6 7 7 1 3 2 6 8 3 8 7 8 8 6 1 7 5 7 5 9 9 5 4 1 5 0 0 1 5 7 5 2 5 4 5 0 
6 3 0 9 2 8 0 2 6 1 9 1 0 7 3 9 4 7 0 9 7 2 2 5 2 7 9 7 2 6 9 0 0 9 2 2 7 2 6 4 5 5 7 7 4 0 6 8 9 
6 9 9 0 1 4 2 1 3 1 5 9 2 5 1 2 9 3 1 3 9 7 8 7 5 5 3 7 3 4 7 1 3 6 2 7 2 6 0 5 8 5 6 0 2 8 4 4 3 
6 7 5 5 8 4 0 3 7 0 9 3 7 0 9 5 2 6 7 1 8 4 9 5 2 1 9 2 8 3 6 6 1 3 1 9 7 4 4 6 4 3 0 3 6 9 8 0 7 
7 1 5 1 0 0 5 4 9 8 2 3 4 8 6 9 9 5 6 5 1 4 9 7 4 2 3 3 2 3 0 9 5 7 2 7 7 8 1 7 6 5 2 2 5 8 1 7 5 
9 2 8 3 2 5 8 6 0 3 9 4 6 0 1 3 3 0 3 1 4 2 9 9 4 3 7 4 4 4 1 5 6 9 8 0 5 8 7 7 4 8 3 2 8 4 7 1 5 
0 4 1 4 5 0 0 8 7 4 4 3 5 9 0 7 0 2 4 0 1 1 6 9 5 8 0 1 6 3 8 8 0 9 5 5 2 5 6 1 0 0 5 7 2 7 4 4 9 
8 6 3 2 3 2 7 1 2 8 9 8 9 0 8 8 5 3 0 0 9 4 2 2 9 0 6 8 6 0 7 7 6 0 9 9 5 6 3 9 6 4 7 5 6 5 6 1 1 
8 4 2 2 6 4 3 8 0 1 7 2 1 4 1 3 3 0 8 1 5 0 9 2 9 7 8 7 5 0 8 3 6 0 8 4 7 1 3 9 3 2 4 4 6 5 7 1 7 
8 4 5 8 3 7 7 2 5 4 7 7 4 3 3 7 1 8 6 2 3 5 5 5 1 1 3 6 1 4 4 9 8 9 7 3 8 6 8 3 3 5 1 7 0 6 6 1 6 
2 4 9 0 1 6 1 5 9 0 6 3 6 5 3 7 4 7 5 2 7 0 5 2 1 5 5 0 1 6 6 6 2 8 6 6 4 9 1 4 1 9 7 7 4 3 4 0 0 
1 2 9 2 0 3 5 7 8 5 8 5 4 6 9 2 4 5 6 4 8 0 7 7 0 5 3 3 1 3 5 3 8 4 5 8 7 0 5 8 8 5 3 2 2 4 4 8 0 
2 4 8 5 2 8 5 7 1 0 8 5 7 3 3 3 8 3 0 1 8 0 9 5 5 1 7 0 7 6 0 9 0 0 4 2 8 1 1 2 1 2 9 8 5 2 3 4 7 
6 5 5 6 6 0 2 7 0 2 4 8 4 5 0 6 2 5 7 3 6 9 7 8 8 7 6 2 1 0 9 7 7 6 3 3 6 5 2 8 9 8 6 3 3 9 0 5 4 
7 1 2 8 8 3 6 5 9 0 6 1 9 5 8 5 9 3 3 6 5 2 6 3 0 1 8 1 3 6 5 2 7 0 0 7 3 8 2 4 8 1 5 7 6 5 4 7 8 
0 4 5 4 2 0 4 3 8 8 7 6 5 9 3 5 2 0 0 0 5 4 9 8 1 8 6 6 5 4 4 5 0 9 9 2 9 5 7 0 3 6 6 9 8 2 6 0 4 
7 0 1 3 1 9 5 2 6 1 9 2 8 4 2 9 5 6 1 0 5 1 6 2 9 7 0 3 3 2 8 2 4 9 6 8 1 3 2 7 6 1 1 4 7 3 6 2 1 
7 4 6 0 0 0 9 7 2 3 3 6 3 5 1 2 3 9 3 6 1 2 3 4 5 9 1 0 5 3 1 2 7 0 2 0 2 4 9 5 7 2 1 2 8 4 4 3 5 
0 2 6 4 7 2 0 6 3 0 4 8 4 8 6 4 3 8 8 7 7 5 6 0 7 8 0 3 4 5 9 6 7 7 3 4 0 3 3 3 5 9 2 9 7 0 5 0 0 
4 9 7 9 7 9 8 7 1 4 2 7 3 0 4 0 3 1 2 6 4 8 4 3 0 3 2 2 1 5 4 7 4 1 8 2 1 9 9 4 3 3 1 6 4 6 8 7 9 
1 6 3 9 2 8 1 5 0 5 8 5 9 5 2 2 4 6 5 3 7 0 6 3 1 4 7 9 2 6 8 5 4 3 6 6 1 7 4 4 4 2 1 3 0 5 8 6 1 
3 1 1 3 9 4 5 3 3 6 7 1 5 5 8 8 1 4 2 1 0 8 5 5 1 1 7 7 9 3 0 2 4 1 8 3 5 3 8 0 1 5 2 6 0 0 7 4 6 
1 5 7 1 0 4 2 1 1 1 2 4 2 5 0 5 3 3 1 8 3 1 9 8 5 8 1 5 7 5 2 8 0 1 1 2 5 3 4 6 7 6 0 9 3 2 4 8 5 
7 6 8 1 8 8 6 6 1 2 5 6 6 5 8 7 6 1 2 1 7 0 8 5 2 7 1 4 4 9 1 1 8 1 4 6 9 1 4 3 5 9 1 1 4 0 0 2 3 
mask:
1 1 1 1 1 1 1 
1 2 2 2 2 2 1 
1 2 3 3 3 2 1 
1 2 3 4 3 2 1 
1 2 3 3 3 2 1 
1 2 2 2 2 2 1 
1 1 1 1 1 1 1 
output:
355 361 369 395 402 406 407 373 327 286 287 296 309 308 314 318 315 311 316 330 341 360 369 392 397 428 441 441 424 392 355 334 327 344 372 395 416 414 386 343 313 301 297 
367 382 400 431 425 421 398 369 326 286 274 281 287 307 317 322 308 315 308 317 340 360 374 397 401 422 425 430 427 400 364 348 345 366 396 409 427 422 397 370 341 319 321 
374 389 422 448 448 435 420 378 337 311 293 291 299 308 333 328 319 314 312 323 336 356 382 401 407 417 408 408 420 405 375 357 350 361 394 411 415 408 390 370 348 330 326 
382 401 424 461 454 448 437 394 351 315 313 310 310 320 336 348 324 320 319 329 330 346 366 378 380 392 375 376 384 391 382 361 355 368 404 413 411 400 387 356 345 332 333 
382 388 409 420 433 439 420 381 338 307 314 332 330 339 362 366 355 345 346 344 344 345 351 362 351 364 367 354 363 365 367 362 363 385 404 403 411 410 384 366 344 332 336 
368 362 374 393 402 418 395 357 328 316 323 339 353 365 381 390 374 371 355 356 355 341 337 340 341 355 354 354 345 348 347 360 372 376 399 401 399 399 388 369 362 331 347 
375 347 354 378 376 381 376 336 320 299 310 328 344 352 363 371 371 356 362 355 351 348 340 339 348 363 363 350 353 351 352 371 373 371 387 399 390 382 378 379 364 352 345 
387 371 371 369 358 361 359 347 316 297 307 324 336 341 357 361 364 363 358 359 361 344 356 369 369 375 365 358 365 371 371 371 356 355 374 375 381 382 379 387 380 363 373 
409 399 390 363 344 341 348 333 320 301 312 320 329 327 353 354 349 350 350 348 352 349 373 402 402 381 378 378 387 398 389 375 350 340 352 360 364 395 393 395 384 371 367 
434 408 403 377 349 347 346 339 342 336 338 332 329 335 350 354 357 339 348 344 339 353 388 408 407 397 385 388 410 419 405 392 369 343 340 350 376 401 415 410 390 375 367 
401 395 385 372 369 357 358 360 371 376 378 355 346 341 354 366 370 354 342 340 343 356 384 395 404 409 404 402 416 424 409 406 379 361 337 344 373 403 410 414 388 356 360 
389 363 376 372 375 381 380 388 400 406 397 388 380 371 384 385 390 386 369 352 361 360 357 378 401 414 422 415 400 405 400 400 386 361 358 357 371 403 412 403 375 361 353 
359 343 340 363 378 397 419 407 409 408 412 415 409 410 415 417 423 419 405 388 360 342 336 342 380 414 427 404 396 387 382 392 382 382 381 380 385 408 413 406 390 378 356 
347 340 343 367 404 427 442 434 411 416 419 421 430 425 443 440 442 434 429 397 360 325 309 309 351 393 409 405 392 393 385 392 403 408 406 401 411 414 411 417 399 380 355 
336 350 365 389 421 441 443 421 408 403 399 409 412 415 433 440 431 443 425 397 360 326 292 302 322 346 374 375 388 396 387 395 416 426 428 422 413 428 427 413 391 367 342 
345 366 397 416 422 428 421 404 383 394 391 390 391 395 415 421 428 433 419 394 361 334 320 312 320 334 342 370 394 418 411 415 427 438 447 421 410 422 421 387 361 339 338 
360 396 416 422 416 399 394 379 366 390 397 392 375 379 392 402 396 410 396 385 351 352 341 335 331 331 344 371 401 424 440 429 430 448 445 424 414 407 393 364 334 328 340 
380 409 419 422 399 385 367 379 374 402 401 405 381 366 368 368 358 376 371 356 344 329 332 335 327 339 353 373 393 436 442 447 442 439 441 423 403 388 360 331 320 326 342 
384 404 409 404 379 347 359 371 386 409 405 401 382 357 353 362 348 353 340 340 322 321 301 306 317 351 362 363 388 413 431 435 434 425 416 392 369 361 345 323 323 329 344 
367 385 389 378 339 332 345 385 392 418 409 397 366 359 361 358 347 350 342 338 337 324 312 316 347 376 386 392 396 411 417 417 401 395 366 333 323 325 336 335 330 339 341 
350 354 369 349 327 331 358 387 396 419 423 399 373 370 385 383 358 364 350 355 344 332 326 352 366 390 395 406 406 412 407 384 377 355 328 292 288 320 346 359 368 357 364 
353 338 332 322 324 348 358 386 388 415 419 412 385 377 387 399 382 375 375 370 352 355 367 372 387 399 393 402 418 419 392 373 353 336 299 283 284 316 363 383 384 376 364 
364 332 316 310 334 354 365 381 394 393 411 412 400 383 389 397 400 407 387 383 379 377 385 382 387 402 380 384 395 399 381 354 339 319 304 290 302 329 373 405 401 386 385 
354 314 315 314 318 342 365 396 384 395 399 406 411 407 394 398 416 431 421 410 414 406 392 384 383 392 377 373 368 376 383 375 343 344 322 330 328 347 369 393 394 394 390 
345 310 309 304 314 333 367 379 386 383 398 390 401 400 397 393 402 430 447 445 445 432 415 394 388 392 380 374 370 367 372 390 386 371 364 365 370 367 369 373 379 386 397 
327 298 297 292 320 345 356 384 376 385 380 382 382 371 375 362 361 406 439 454 447 425 415 387 377 387 363 376 390 385 381 400 411 412 381 391 387 378 354 351 360 381 401 
326 291 291 306 335 364 387 384 390 389 403 381 372 352 350 337 335 362 406 434 446 419 398 362 361 359 360 367 386 403 414 408 420 431 426 415 404 383 357 358 372 386 407 
314 291 294 310 352 377 393 403 385 399 395 372 351 331 316 300 308 334 381 421 443 432 411 369 350 359 371 376 386 422 444 436 415 436 443 425 394 364 358 373 380 388 391 
317 305 316 326 366 388 403 401 404 397 389 355 350 313 302 279 282 324 358 381 421 424 420 369 349 365 383 393 409 430 466 462 446 445 440 427 391 368 361 376 389 380 394 
320 318 332 330 352 384 403 406 397 396 372 352 337 311 295 273 284 315 340 354 390 406 402 371 356 366 382 400 430 450 459 478 465 458 426 411 401 382 363 375 387 392 380 
329 333 345 338 365 379 405 418 400 387 379 345 344 320 313 295 297 319 328 346 367 370 383 362 356 365 376 398 435 461 472 465 469 461 430 404 398 382 374 373 384 388 368 
336 344 348 348 371 396 408 412 401 401 388 365 360 343 348 331 325 324 335 338 352 342 362 341 337 353 367 382 419 449 472 460 432 437 424 397 376 379 379 376 376 370 367 
356 355 355 345 377 402 406 394 384 400 392 372 366 350 365 362 350 359 359 360 367 361 347 323 321 339 365 377 404 430 462 452 422 420 422 396 387 387 399 403 381 370 347 
365 362 369 361 378 387 399 396 390 389 404 378 380 368 373 361 377 376 378 371 385 355 342 298 305 323 354 366 389 415 424 423 412 396 386 385 386 395 403 409 395 366 354 
360 359 378 370 373 387 400 422 417 424 416 402 387 369 365 358 365 387 383 389 394 378 341 308 299 330 340 360 396 392 402 406 399 389 382 382 398 409 420 421 409 385 363 
347 360 369 352 373 384 402 417 433 428 432 402 393 350 347 339 345 372 397 404 416 389 372 325 330 331 331 358 378 387 385 381 375 388 381 381 381 400 421 429 416 397 379 
346 353 359 342 364 394 404 418 411 424 424 415 377 343 326 315 331 359 381 419 416 395 379 356 332 328 333 340 360 371 370 364 376 369 386 375 371 383 411 423 414 400 385 
312 334 346 334 352 378 405 403 404 404 428 410 390 352 334 319 334 348 374 404 421 390 384 354 347 337 331 345 364 363 374 376 357 360 362 377 372 379 401 411 416 397 385 
317 331 357 357 356 376 390 404 391 406 399 393 375 356 341 337 334 347 355 385 394 392 357 331 333 330 328 351 366 377 381 372 369 350 368 374 383 383 388 399 403 396 391 
339 353 363 370 369 367 382 388 399 395 393 370 353 343 347 341 351 340 336 351 374 363 349 318 318 329 345 354 381 399 369 356 350 349 351 366 366 376 361 361 377 383 384 
365 373 373 362 367 359 355 378 388 397 376 354 337 326 338 357 357 358 333 348 346 355 345 322 323 338 350 375 394 389 368 335 344 343 358 358 358 353 346 322 348 359 362 
383 393 376 350 333 335 336 348 366 378 361 344 330 330 334 346 371 366 356 349 336 328 337 338 345 352 358 377 375 361 336 327 319 340 352 360 343 345 328 316 326 339 356 
404 412 387 342 324 320 333 348 356 374 369 349 332 326 328 326 345 369 357 369 342 329 341 359 372 372 375 367 354 339 327 318 336 334 359 364 351 334 329 308 308 317 342 
OpenCL execution time is: 0.010944ms

Executed program succesfully.
